long int HashKey[3][BOARDSIZE][BOARDSIZE]={{{14422512657210725715, 2365993933269347942, 11030284809864773755, 10631628227658479113, 10342333533255768084, 10987162843643503478, 2970106711322850340, 10850021853733900706, 3000617547202537806, },
{8008069319501029413, 3091095537398923775, 15314424842141772540, 15591580942153989347, 771550621090050838, 1308842213169404477, 15846534020330328637, 15772449495398876818, 10834922105187430662, },
{3655605658291256009, 7301640005782989006, 966003505077055551, 8225804867379964969, 6104995819199048542, 12072300778818309808, 14236210167914893578, 11237324560313470178, 10294510493213708108, },
{5367326479242168030, 10810719200945279270, 6546518923388845194, 3709690631509426581, 14908650364839793125, 17336520072561562285, 9915630749516285172, 4852267672207183473, 18372501470931768613, },
{16997654420841387318, 8656377182254505401, 14757175045310367482, 5697979225797577749, 4580064207801471163, 13745539110813509464, 15266143244969423401, 11139028714794494200, 7789325476458604523, },
{11244356402981795992, 9573411655809420619, 10864414912040329190, 3915215817341473282, 13509587981493035023, 2533823421975657211, 4551865145758145828, 16217789349140192091, 3413168745287891105, },
{3139361220241672587, 4859884302994456076, 2948363124798215738, 9856565676330209361, 5348357337882708114, 4750198630815579177, 9677139392735045787, 12373805867784208833, 16130295786620810387, },
{6336129028801747580, 17459354809171117119, 18434339579005112009, 14222300595481031493, 229615929286198056, 16678357255151102989, 1339237493430107269, 518029176404398748, 15199170365684432906, },
{9240931925689257888, 17500584101324413110, 8391909931084947573, 1100205489465642755, 3966089532802859939, 6405083503173226472, 9672364228018642393, 15079980918779601738, 10859545600935543493, },
},
{{10156961210534491264, 6817439499302876469, 1681235022911728355, 3515138820121900537, 4138396546549819495, 16485406307835391278, 5547808292851688561, 9324399221472989834, 18188123166445460279, },
{8552970110985860752, 13968733878544689136, 8562109639778713872, 1838168914537682756, 15981733429488159846, 9422611695972405495, 6038067026336319563, 3395884452549926666, 5209005275162833393, },
{1379749889913979722, 14103447395970681610, 11576436605509640502, 8583460336743340876, 15738753953267873080, 5474750334389182233, 9562547359306200453, 8516904860495483147, 10311002670000200859, },
{13743118588064216181, 144686284678086886, 3921563228669725275, 2621237466536907582, 9839142546287753369, 546300730617920771, 17530383050155087241, 15099201644409162428, 2992619731508254058, },
{11778654303927167063, 10602103702341542417, 10341632534874561659, 6696371405835735387, 8767221442971219893, 3598870091999672446, 11256530464567785096, 6924007191219439442, 15714518156387398149, },
{11252669993624259289, 17267180393104823986, 2075254254213863870, 8504948550053183700, 14694422780374606346, 18336862769112362424, 9210186345044300862, 1632407731062492529, 8673147651244468990, },
{11730058028648320931, 5472297943009446838, 2675281231652482422, 3506281159108798821, 4971176456990605156, 14529355849071681556, 14777215135475311039, 5657314485863870429, 12543557825448294434, },
{12796843501359567651, 15719133900385656581, 289131169815776650, 10639185672719537035, 8816489591598269410, 3421398322356521236, 6194505843721889156, 10815571099122449411, 2130433937242318072, },
{15797607730320387931, 16428035899739003821, 5043377163137231638, 7574962701490999444, 5443058575511582488, 16692474195643242071, 7732020374774516995, 14937793041681842663, 2551959354591430806, },
},
{{17303686208920941547, 1443210670635969082, 9400221213627426503, 8263094099893423890, 13355339459900254819, 3732980165746823499, 9172395875130852954, 6646216238976017974, 7061095371837228853, },
{10712140936569068218, 2907737383438405580, 16042100216075001972, 13050922798317352720, 8748911323724067359, 3700382027675457681, 15484415947348496567, 3514403109707714762, 13980067495043047157, },
{2437972094539453223, 8734461214371321724, 8269904748094439901, 1287626098340467779, 15092657667386035321, 16415314924236690094, 16623183647131619141, 13636283548387699396, 17821315467633853642, },
{11181599757993020470, 4744899411413349326, 1397087692864909103, 9182127174671637997, 14516028228518974491, 887753220463919879, 9218925037206558088, 721542989780846799, 8705813303285897934, },
{11846508049140336525, 14692560956584545808, 17191494439658309541, 1896847709330663979, 2751574166818887683, 7348812635441621526, 14048663911212231731, 13396127365205232247, 3749500365499548438, },
{15639805439886707872, 6598783852936106916, 3364184792820850161, 15762830856207150074, 8219011830995803605, 4314621100201409819, 6254974286869088316, 12834483020385324190, 2731967771104970456, },
{17566393509374252764, 16753897921253582487, 18388644103958599349, 10996856743581523167, 18005300278904959294, 5217935974019878726, 11281974183170136153, 5794859791293078126, 3778383048129937759, },
{13600166995827068934, 13456910742256980015, 2989423092069312966, 11388487483917113562, 10105176500153371095, 2272596904810102926, 7904327804282541543, 9390727422375223891, 15761177517637024953, },
{3712981695944628552, 15980644005141313091, 8750344245714313577, 10839708578275885662, 15563239476560186714, 8049175413715778766, 4953641300527469, 12394851033103557048, 12044995276439672580, },
},
};